-1.535179590613468648e+00 -1.810979175237090955e+00 -1.980425253271748343e+00 -1.003471649591015646e+00 -5.370861555295745049e-01 -8.430839859050878182e-01 -1.039498944590892648e+00 -9.032532370845318681e-01
-1.871220841983719962e+00 -6.479108188315181316e-01 -9.060245085818123822e-01 -1.003471649591015646e+00 -5.370861555295745049e-01 -8.430839859050878182e-01 -1.039498944590892648e+00 -9.032532370845318681e-01
-1.479237116960980147e+00 -1.976329977020218509e+00 1.242776980798059316e+00 -1.003471649591015646e+00 -5.370861555295745049e-01 -8.430839859050878182e-01 3.818567551558387785e-01 -2.155490679406269483e-01
-2.041271531421668062e+00 -7.257852624911937944e-01 -9.060245085818123822e-01 -1.003471649591015646e+00 -5.370861555295745049e-01 -8.430839859050878182e-01 -1.039498944590892648e+00 -9.032532370845318681e-01
-4.557556651951213400e-01 -4.095605215951177436e-01 -3.688241362368444576e-01 -1.003471649591015646e+00 -5.370861555295745049e-01 -8.430839859050878182e-01 -1.039498944590892648e+00 -9.032532370845318681e-01
-1.916279336874304073e+00 -8.398645469933793128e-01 -1.980425253271748343e+00 -1.003471649591015646e+00 -5.370861555295745049e-01 -8.430839859050878182e-01 -1.039498944590892648e+00 -9.032532370845318681e-01
-5.030026749702224409e-01 -1.830720345868694365e-01 -9.060245085818123822e-01 1.008767368640811846e+00 -5.370861555295745049e-01 -8.430839859050878182e-01 -1.039498944590892648e+00 -9.032532370845318681e-01
-8.585619086063033256e-01 -4.644452910919493610e-02 3.407614302188146510e-02 -1.003471649591015646e+00 -5.370861555295745049e-01 -8.430839859050878182e-01 -1.039498944590892648e+00 -9.032532370845318681e-01
-2.157304029839060888e+00 -5.798077904949582029e-02 -2.345240431506024903e-01 8.229607423952972622e-01 -5.370861555295745049e-01 -8.430839859050878182e-01 -1.039498944590892648e+00 -9.032532370845318681e-01
2.432033158276123985e-01 -1.275280291716477832e+00 -2.345240431506024903e-01 -1.003471649591015646e+00 -5.370861555295745049e-01 -2.759474964744123016e-01 3.818567551558387785e-01 1.283030166313254838e-01
1.326193940899662860e-01 -1.327353025549990351e+00 3.026763291943654344e-01 -1.003471649591015646e+00 -5.370861555295745049e-01 -8.430839859050878182e-01 3.818567551558387785e-01 -7.313271947985555688e-01
1.846029019779314995e-01 -1.194543454357121615e+00 1.683762361081234393e-01 -1.003471649591015646e+00 -5.370861555295745049e-01 -8.430839859050878182e-01 -1.039498944590892648e+00 -9.032532370845318681e-01
-1.401955404282811513e+00 -2.327432327905158416e-01 7.055766084530913362e-01 8.072705443649345058e-01 -5.370861555295745049e-01 -2.759474964744123016e-01 3.818567551558387785e-01 1.283030166313254838e-01
7.905687913190682092e-01 4.915392398780297351e-02 1.683762361081234393e-01 -1.003471649591015646e+00 -5.370861555295745049e-01 4.213412325578475004e-01 -1.039498944590892648e+00 -9.032532370845318681e-01
-1.520827990141839114e+00 -7.577557055637899053e-01 -3.189126091047925993e+00 -1.003471649591015646e+00 -5.370861555295745049e-01 -8.430839859050878182e-01 -1.039498944590892648e+00 -9.032532370845318681e-01
-9.172027016894476192e-01 4.212566488351381366e-01 7.055766084530913362e-01 1.092309468895896085e+00 -5.370861555295745049e-01 -8.430839859050878182e-01 -1.039498944590892648e+00 -9.032532370845318681e-01
-1.346723936377633157e-01 -4.370597957793633248e-01 -7.717244154955704705e-01 -1.003471649591015646e+00 -5.370861555295745049e-01 -8.430839859050878182e-01 -1.039498944590892648e+00 -9.032532370845318681e-01
-1.506725995103128879e+00 -5.289882965405789950e-01 -7.717244154955704705e-01 -5.988524661218058709e-01 -5.370861555295745049e-01 -8.430839859050878182e-01 -1.039498944590892648e+00 -9.032532370845318681e-01
3.796515389537292173e-01 -3.689690729779830369e-01 -2.345240431506024903e-01 2.525072525486252717e-01 -5.370861555295745049e-01 1.001881194707669787e+00 3.818567551558387785e-01 1.159859270347183058e+00
-6.492169950629546049e-01 1.977531691414767534e-01 3.407614302188146510e-02 -1.003471649591015646e+00 -5.370861555295745049e-01 -4.202897045674363063e-01 3.818567551558387785e-01 1.503711354919135434e+00
-2.215346861693470171e-01 -1.051003077832209032e+00 3.026763291943654344e-01 1.044293922403717739e-01 -5.370861555295745049e-01 1.891706901234370963e-01 3.818567551558387785e-01 1.847563439491087811e+00
8.888090573172511277e-01 -5.289882965405789950e-01 3.407614302188146510e-02 -1.003471649591015646e+00 -5.370861555295745049e-01 1.318900116959860203e+00 -1.039498944590892648e+00 -9.032532370845318681e-01
-8.338013811337865455e-01 9.810385375453973822e-01 3.407614302188146510e-02 1.302044121946178912e+00 -5.370861555295745049e-01 -4.202897045674363063e-01 -1.039498944590892648e+00 -9.032532370845318681e-01
-3.091648035491417756e-02 -1.244641686185092411e+00 8.398767015393333590e-01 8.229607423952972622e-01 -5.370861555295745049e-01 -8.430839859050878182e-01 -1.039498944590892648e+00 -9.032532370845318681e-01
-1.073186347530651341e+00 -8.651314077752124687e-01 -2.345240431506024903e-01 -1.003471649591015646e+00 -5.370861555295745049e-01 -4.202897045674363063e-01 -1.039498944590892648e+00 -9.032532370845318681e-01
8.888213830335089938e-02 6.558414838509367406e-02 1.108476887711817405e+00 -4.483117145886991173e-01 -5.370861555295745049e-01 1.346837570048825095e+00 1.803212454902570094e+00 -3.874751102266031921e-01
-6.941367772037433381e-01 -2.645075202852137153e+00 -1.002239500643605091e-01 -1.003471649591015646e+00 -5.370861555295745049e-01 -8.430839859050878182e-01 3.818567551558387785e-01 -3.874751102266031921e-01
1.092585920332891369e+00 9.703986354106104439e-01 4.369764222806074017e-01 8.964574306125102643e-01 1.861898672502525054e+00 1.472249759559710824e+00 3.818567551558387785e-01 3.002290589173017277e-01
-4.183829554993394040e-01 -1.295955484022898840e+00 -1.174624694754296428e+00 5.952080873144114381e-01 -5.370861555295745049e-01 3.717630010672057228e-02 3.818567551558387785e-01 -7.313271947985555688e-01
-5.618462050661846563e-01 -1.023427698645608119e+00 -6.374243224093284477e-01 -1.003471649591015646e+00 -5.370861555295745049e-01 -8.430839859050878182e-01 3.224568154649301466e+00 1.847563439491087811e+00
-5.929508948156022585e-01 5.070946353801180084e-01 -3.688241362368444576e-01 1.130562510114127228e+00 -5.370861555295745049e-01 -1.557856852177183504e-01 -1.039498944590892648e+00 -9.032532370845318681e-01
1.399907565831361167e-01 -4.579231365638283258e-01 1.683762361081234393e-01 1.154932399630915985e+00 -5.370861555295745049e-01 -1.557856852177183504e-01 3.818567551558387785e-01 -2.155490679406269483e-01
2.841478407209416246e-01 -4.931576386263141210e-01 -5.031242293230864249e-01 3.743023940219406542e-01 -5.370861555295745049e-01 -8.430839859050878182e-01 3.818567551558387785e-01 -3.874751102266031921e-01
1.146826726213377112e+00 7.807893641268495166e-01 1.914277446229269319e+00 1.244604048283938225e+00 1.861898672502525054e+00 2.065078230826625116e+00 3.224568154649301466e+00 2.535267608634992786e+00
-1.796573457645187222e-01 7.768953248396895939e-01 4.369764222806074017e-01 -1.003471649591015646e+00 -5.370861555295745049e-01 -8.430839859050878182e-01 3.818567551558387785e-01 8.160071857752303481e-01
2.810706291721304373e-01 1.286858033397279000e+00 -1.002239500643605091e-01 1.377947529774260271e+00 -5.370861555295745049e-01 -8.430839859050878182e-01 -1.039498944590892648e+00 -9.032532370845318681e-01
-3.773989456611576143e-02 1.382625608721733235e+00 1.683762361081234393e-01 1.411739718788930675e+00 -5.370861555295745049e-01 -8.430839859050878182e-01 3.818567551558387785e-01 -3.874751102266031921e-01
-6.890210237144936967e-01 2.929499569482683086e-01 -2.114725346357990254e+00 9.304582944196249095e-01 -5.370861555295745049e-01 -8.430839859050878182e-01 -1.039498944590892648e+00 -9.032532370845318681e-01
-6.252965500869309690e-01 1.167193487333380686e+00 7.055766084530913362e-01 2.525072525486252717e-01 -5.370861555295745049e-01 -8.430839859050878182e-01 3.818567551558387785e-01 -2.155490679406269483e-01
-2.045233438045722385e-01 4.758746721918540312e-01 -5.031242293230864249e-01 8.420835767422452101e-01 -5.370861555295745049e-01 -8.430839859050878182e-01 3.818567551558387785e-01 4.721551012032779160e-01
-6.941367772037433381e-01 1.899230592762632730e+00 1.108476887711817405e+00 1.552196343926684596e+00 -5.370861555295745049e-01 -8.430839859050878182e-01 -1.039498944590892648e+00 -9.032532370845318681e-01
1.185630507111955945e+00 -2.139791216543404095e-01 9.741767946255753818e-01 -1.003471649591015646e+00 -5.370861555295745049e-01 1.274847650195105375e+00 3.224568154649301466e+00 2.363341566349016709e+00
5.751964093752319762e-01 5.334925010580603422e-01 4.369764222806074017e-01 1.178468973616949800e+00 -5.370861555295745049e-01 1.104813467458831244e+00 3.818567551558387785e-01 1.503711354919135434e+00
7.174702914948551946e-01 8.980544885887260520e-01 9.741767946255753818e-01 1.539303726321169297e+00 -5.370861555295745049e-01 -1.557856852177183504e-01 3.818567551558387785e-01 -5.594011525125793804e-01
-1.426906427452304893e+00 1.654098494205271885e+00 5.712765153668494245e-01 -1.003471649591015646e+00 -5.370861555295745049e-01 -8.430839859050878182e-01 -1.039498944590892648e+00 -9.032532370845318681e-01
-9.695190635073801244e-02 2.440170151306519930e+00 9.741767946255753818e-01 1.552196343926684596e+00 -5.370861555295745049e-01 -4.202897045674363063e-01 3.818567551558387785e-01 -7.313271947985555688e-01
4.464415901366142747e-01 -6.958044982509006826e-02 -6.374243224093284477e-01 -1.003471649591015646e+00 1.861898672502525054e+00 1.104813467458831244e+00 3.818567551558387785e-01 1.159859270347183058e+00
-1.244407844928869522e-01 -6.025289831217104375e-01 1.645677260056785274e+00 1.154932399630915985e+00 -5.370861555295745049e-01 -8.430839859050878182e-01 3.818567551558387785e-01 -4.362302565465072529e-02
1.366868238085313658e+00 4.713760209415410185e-01 5.712765153668494245e-01 -1.003471649591015646e+00 1.861898672502525054e+00 1.527607748796482978e+00 3.818567551558387785e-01 -2.155490679406269483e-01
1.481930536205607885e+00 -7.658249498412552647e-01 4.369764222806074017e-01 -8.448678716844665315e-02 1.861898672502525054e+00 1.895044048090350985e+00 3.818567551558387785e-01 8.160071857752303481e-01
5.654855836078179765e-01 1.707460785023130700e+00 9.741767946255753818e-01 1.411739718788930675e+00 -5.370861555295745049e-01 5.142830841571074396e-01 3.818567551558387785e-01 1.159859270347183058e+00
9.926077045253040021e-01 1.540442015271722864e+00 1.779977353143027186e+00 1.552196343926684596e+00 -5.370861555295745049e-01 -8.430839859050878182e-01 3.818567551558387785e-01 -5.594011525125793804e-01
1.082321931744052002e+00 -9.297216791001343406e-02 5.712765153668494245e-01 -1.003471649591015646e+00 1.861898672502525054e+00 2.012742505273092508e+00 3.818567551558387785e-01 1.503711354919135434e+00
1.251804039418678571e-01 -1.174832258747196878e+00 1.683762361081234393e-01 3.360493528037094002e-01 -5.370861555295745049e-01 3.145828868273114476e-01 3.818567551558387785e-01 4.721551012032779160e-01
9.731465081157595343e-01 -3.225788459869715630e-01 -1.040324601668054294e+00 2.525072525486252717e-01 -5.370861555295745049e-01 1.828084214018376619e+00 3.818567551558387785e-01 1.159859270347183058e+00
1.053704363252585319e+00 5.552416195088218931e-01 1.645677260056785274e+00 -4.123882051985402475e-01 1.861898672502525054e+00 5.566069894173052424e-01 3.818567551558387785e-01 1.283030166313254838e-01
2.017824483091986698e-01 1.771540818374102155e-01 -6.374243224093284477e-01 1.118046207903430789e+00 -5.370861555295745049e-01 7.373771753579517751e-01 3.818567551558387785e-01 1.283030166313254838e-01
1.613059283653876852e+00 -2.264709121797625624e-01 -1.002239500643605091e-01 -1.003471649591015646e+00 1.861898672502525054e+00 1.828084214018376619e+00 3.818567551558387785e-01 1.159859270347183058e+00
5.762682457573462536e-01 2.232229765962566448e-01 -9.060245085818123822e-01 1.079071024140456636e+00 -5.370861555295745049e-01 -8.430839859050878182e-01 -1.039498944590892648e+00 -9.032532370845318681e-01
3.390658742710328521e-01 -5.434947556005652602e-01 -3.688241362368444576e-01 -1.003471649591015646e+00 1.861898672502525054e+00 3.699408760640836014e-01 3.818567551558387785e-01 1.283030166313254838e-01
1.211484261038251020e+00 2.308400681812498689e+00 3.407614302188146510e-02 -1.003471649591015646e+00 1.861898672502525054e+00 1.926322838649052738e+00 3.818567551558387785e-01 1.159859270347183058e+00
2.017824483091986698e-01 1.458728118416935671e-01 1.511377166970543362e+00 5.952080873144114381e-01 1.861898672502525054e+00 7.373771753579517751e-01 3.818567551558387785e-01 1.675637397205111512e+00
1.567361506172672891e+00 1.005662733862899394e+00 4.369764222806074017e-01 -1.003471649591015646e+00 -5.370861555295745049e-01 -8.430839859050878182e-01 -1.039498944590892648e+00 -9.032532370845318681e-01
9.887526533181763000e-01 1.087843073607299288e-01 -5.031242293230864249e-01 8.788057556174254659e-01 1.861898672502525054e+00 -8.430839859050878182e-01 3.818567551558387785e-01 -3.874751102266031921e-01
1.229869346294725219e+00 5.291164634226508401e-01 4.369764222806074017e-01 -1.003471649591015646e+00 1.861898672502525054e+00 1.104813467458831244e+00 3.818567551558387785e-01 1.159859270347183058e+00
2.033201764185124993e+00 5.724815165700538611e-01 -2.786225811789200257e+00 -1.003471649591015646e+00 1.861898672502525054e+00 1.714273862149704675e+00 3.818567551558387785e-01 4.721551012032779160e-01
1.272273047874702412e+00 3.124582058852463096e-01 4.369764222806074017e-01 1.023414254662940781e+00 1.861898672502525054e+00 1.274847650195105375e+00 3.818567551558387785e-01 1.847563439491087811e+00
